40.6596173	-73.97889143
40.65475625	-73.96245196
40.65343671	-73.96578349
40.65988152	-73.99392816
40.67121881	-73.98818278
40.65332535	-73.9660706
40.6596976	-73.97905759
40.65952642	-73.97870336
40.65208211	-73.96935114
40.66668363	-73.98453367
40.65788829	-73.97857181
40.67201191	-73.97654914
40.66487847	-73.98004555
40.67205205	-73.99211986
40.66749302	-73.97594564
40.66281391	-73.98200125
40.66221307	-73.98750423
40.66997423	-73.98982288
40.66930509	-73.99193409
40.67210921	-73.99223788
40.66909751	-73.99150425
40.66111645	-73.98710215
40.66107215	-73.98702868
40.66130421	-73.98741356
40.65422125	-73.96383617
40.65767045	-73.97812157
40.65755565	-73.97788428
40.65752445	-73.97781979
40.67184333	-73.99168883
40.6630484	-73.97899207
40.65723302	-73.97721744
40.65781675	-73.97842396
40.6575842	-73.9779433
40.66361584	-73.98366211
40.66300778	-73.9789081
40.6634275	-73.97977584
40.66871452	-73.99317214
40.65214705	-73.97244005
40.66956684	-73.98955863
40.66776305	-73.9840573
40.65777908	-73.97834608
40.66805549	-73.99260758
40.65697015	-73.98174327
40.65658994	-73.9811171
40.65988291	-73.97944103
40.6707762	-73.98943039
40.65795513	-73.98247911
40.65746587	-73.97769871
40.67304373	-73.99092578
40.66829392	-73.99605821
40.65728748	-73.97733
40.65783161	-73.98166126
40.66176273	-73.97932196
40.65749766	-73.97776442
40.67319446	-73.97413661
40.65958088	-73.97676483
40.65857361	-73.97468906
40.65774022	-73.97826577
40.6629947	-73.98237567
40.6668913	-73.98478671
40.66191964	-73.98015581
40.65692155	-73.98166324
40.67232205	-73.99016436
40.65650823	-73.97708486
40.66823662	-73.99600772
40.65749175	-73.98109609
40.66316422	-73.97923152
40.66983354	-73.98953198
40.6649773	-73.97948812
40.663092	-73.98257719
40.65388712	-73.96462222
40.66872788	-73.99050382
40.65908176	-73.97953424
40.65673879	-73.97689332
40.6573945	-73.98244216
40.66632018	-73.99252
40.6669805	-73.993884
40.66630436	-73.9837483
40.66356616	-73.98355922
40.66289328	-73.98216563
40.65385025	-73.96471728
40.66334965	-73.97961488
40.65798837	-73.97877868
40.65770743	-73.97401363
40.66352442	-73.98347277
40.65701908	-73.98182387
40.65669706	-73.98129351
40.66277187	-73.98191418
40.65904106	-73.97558484
40.66186772	-73.98255096
40.67058365	-73.98903242
40.66716732	-73.9840131
40.65796463	-73.98188246
40.66283163	-73.98484213
40.66910564	-73.99128664
40.66062798	-73.98097871
40.66217937	-73.98395369
40.66020361	-73.97805244
40.66125438	-73.98053183
40.66956727	-73.99272227
40.67114994	-73.99225235
40.67111407	-73.99217807
40.66194886	-73.98248342
40.66252674	-73.9874667
40.67136206	-73.98806346
40.67132218	-73.99055889
40.65730158	-73.98077985
40.66238828	-73.98438579
40.65739639	-73.97755512
40.67221227	-73.99025607
40.66361107	-73.9875238
40.66346063	-73.98334065
40.66295257	-73.98807162
40.66707834	-73.98219847
40.65314291	-73.97270004
40.65993639	-73.97749991
40.67043446	-73.99508044
40.66302792	-73.98244446
40.66245764	-73.98633203
40.67129078	-73.98881054
40.6637446	-73.98392878
40.65648334	-73.98094153
40.67222646	-73.99248001
40.66939182	-73.99211369
40.66349444	-73.98341066
40.66305879	-73.98250839
40.6620555	-73.98239466
40.66923837	-73.99299693
40.66936154	-73.99205098
40.6539631	-73.96442632
40.65601958	-73.97353082
40.6582829	-73.97431368
40.65801566	-73.97414316
40.66695086	-73.98473706
40.66890335	-73.99285058
40.67864389	-73.98763451
40.66286036	-73.98209744
40.65769901	-73.97818059
40.66637643	-73.9926362
40.66246323	-73.98751958
40.66139342	-73.98081979
40.66160419	-73.98125631
40.66176322	-73.98158568
40.66702432	-73.98467582
40.67128288	-73.99047766
40.65276126	-73.97262205
40.66262149	-73.98791066
40.66312111	-73.98263746
40.67089856	-73.99173179
40.66151512	-73.98107184
40.65462232	-73.97313117
40.66994901	-73.97752738
40.66421012	-73.96330484
40.66336875	-73.96272958
40.65706973	-73.98190728
40.65671348	-73.98132056
40.66830607	-73.99161588
40.65711525	-73.98198225
40.65653724	-73.9810303
40.66709795	-73.98386941
40.66641954	-73.98246412
40.65733119	-73.98233789
40.65715905	-73.98205439
40.6568709	-73.98157982
40.65682026	-73.98149641
40.65676687	-73.98140849
40.65751324	-73.98263774
40.66735971	-73.98278153
40.67067498	-73.99153743
40.66448758	-73.97998989
40.67096492	-73.98982045
40.6567648	-73.97820306
40.66293532	-73.98225269
40.65761158	-73.97799988
40.65727301	-73.98224207
40.66302769	-73.98704962
40.66804848	-73.99108342
40.66886684	-73.99277512
40.66257852	-73.97977054
40.66735648	-73.98090478
40.66412026	-73.97771263
40.66933148	-73.99291918
40.66656578	-73.98276704
40.67136281	-73.99269316
40.66569714	-73.98073867
40.66603063	-73.9831815
40.65957726	-73.97857
40.66682794	-73.99356886
40.66988346	-73.99245932
40.65711039	-73.98046192
40.67102174	-73.9899379
40.66318046	-73.98692243
40.67032036	-73.99053857
40.65910054	-73.98028049
40.67112367	-73.98846395
40.66313386	-73.98696123
40.66180349	-73.98166909
40.66287006	-73.98718087
40.6668653	-73.98338748
40.66534895	-73.98001877
40.67245713	-73.99295637
40.66621469	-73.98356262
40.66212788	-73.98384719
40.67109858	-73.99009672
40.65978241	-73.97899496
40.6709131	-73.98971335
40.67301865	-73.99063397
40.66837918	-73.99612744
40.6661647	-73.98345912
40.66678683	-73.98474737
40.6715015	-73.98948104
40.66530656	-73.97993114
40.66185175	-73.97978096
40.65784529	-73.97908101
40.67126343	-73.99248737
40.66527713	-73.97987029
40.66590491	-73.98466532
40.67131753	-73.9925994
40.66606474	-73.98325212
40.65255188	-73.97256
40.66649017	-73.98413307
40.67282816	-73.98873298
40.67123256	-73.99242344
40.66340537	-73.98322619
40.65790418	-73.97903201
40.66330718	-73.98302284
40.66278267	-73.98725363
40.66728548	-73.98425787
40.65724647	-73.98068821
40.66164122	-73.98133302
40.65773864	-73.97916975
40.66653163	-73.98421891
40.66155804	-73.98116073
40.67300347	-73.97364174
40.6731348	-73.97326506
40.66765547	-73.97628159
40.65907559	-73.98156868
40.6689337	-73.99291332
40.66673273	-73.98463534
40.6591915	-73.98147219
40.66675581	-73.98316067
40.65953923	-73.98118272
40.66595132	-73.97914928
40.66639315	-73.98393216
40.65934913	-73.98134096
40.67138662	-73.97526429
40.65778779	-73.97912886
40.67379072	-73.97568168
40.66125571	-73.98227925
40.66603389	-73.9781714
40.67049736	-73.97342074
40.65227538	-73.96877748
40.66067112	-73.98023905
40.65882232	-73.97959391
40.66290909	-73.98595716
40.67058354	-73.97359909
40.65417337	-73.97300276
40.65235111	-73.96858223
40.65238649	-73.96849103
40.65242436	-73.9683934
40.66610888	-73.97901789
40.6662201	-73.97892514
40.66255254	-73.98177791
40.66021469	-73.98041483
40.67188965	-73.99028426
40.66672486	-73.99335592
40.65866559	-73.9748724
40.66667832	-73.99325979
40.66053387	-73.98035461
40.66835346	-73.99171385
40.66731475	-73.98268836
40.66172706	-73.9815108
40.67153755	-73.9913238
40.66751237	-73.98309788
40.65951025	-73.97843118
40.67355332	-73.98627596
40.65973068	-73.9788878
40.66863618	-73.97457973
40.67292333	-73.97374195
40.67005434	-73.99231647
40.66825611	-73.99127801
40.66252363	-73.98466574
40.65826572	-73.98519704
40.66670804	-73.98306173
40.66514108	-73.96394602
40.65664799	-73.97800914
40.66880391	-73.99439626
40.6725299	-73.99310664
40.65893757	-73.98041684
40.6681343	-73.99102603
40.67158906	-73.99292739
40.66852061	-73.99182519
40.65938788	-73.97841669
40.67245638	-73.99005215
40.66852302	-73.99206436
40.66921188	-73.99174109
40.66133784	-73.97991061
40.66537869	-73.98182968
40.66822334	-73.99144488
40.66309844	-73.97909552
40.66143222	-73.98090016
40.66299862	-73.98470334
40.65972473	-73.98106883
40.65960547	-73.97862844
40.67165846	-73.99130709
40.6667949	-73.98324165
40.66610737	-73.9833404
40.65966837	-73.97875873
40.67200919	-73.99203134
40.66325515	-73.98291508
40.6520215	-73.96943195
40.65824645	-73.98065977
40.66599065	-73.98309871
40.66233238	-73.98427016
40.67207101	-73.98867968
40.66591214	-73.98293616
40.65791531	-73.98461615
40.65710398	-73.97876615
40.67188861	-73.98830399
40.65206136	-73.96932918
40.65462026	-73.96273192
40.66868013	-73.99414037
40.6589365	-73.98168447
40.65739106	-73.98092864
40.66167769	-73.98291607
40.66209217	-73.98027985
40.6600507	-73.98075425
40.6686848	-73.9746801
40.66223863	-73.98204051
40.65893794	-73.97949749
40.65900604	-73.98162657
40.66228677	-73.98417583
40.66969493	-73.99075868
40.66949057	-73.99033556
40.66194545	-73.98346987
40.66205432	-73.98369505
40.65926836	-73.98014007
40.66893131	-73.97512525
40.66530761	-73.98342855
40.67235871	-73.98751885
40.66015088	-73.98067096
40.65823287	-73.98008545
40.66859052	-73.97448544
40.6604931	-73.98018223
40.65864924	-73.97973824
40.67195758	-73.99369019
40.65992315	-73.98086028
40.65862026	-73.97477869
40.6703523	-73.97836535
40.66234327	-73.986427